1.0 0.0 0.0 0.0 0.0 1.0 0.0 0.0 0.0 0.0 1.0 0.0
1.0 0.0009207725524902344 -0.0006074905395507812 -0.023040771484375 -0.0009202957153320312 1.0 0.0010585784912109375 -0.02630615234375 0.0006084442138671875 -0.0010576248168945312 1.0 1.0400390625
1.0 0.005283355712890625 -0.00042366981506347656 -0.06365966796875 -0.005283355712890625 1.0 -0.0022869110107421875 -0.07196044921875 0.00041174888610839844 0.002288818359375 1.0 2.091796875
1.0 0.006938934326171875 -0.0008206367492675781 -0.10845947265625 -0.006946563720703125 1.0 -0.006805419921875 -0.0914306640625 0.0007734298706054688 0.006809234619140625 1.0 3.119140625
1.0 0.0102386474609375 -0.0012912750244140625 -0.1170654296875 -0.01024627685546875 1.0 -0.00809478759765625 -0.11822509765625 0.0012083053588867188 0.00811004638671875 1.0 4.08984375
1.0 0.00850677490234375 -0.0013885498046875 -0.1114501953125 -0.008514404296875 1.0 -0.004474639892578125 -0.113525390625 0.00135040283203125 0.004486083984375 1.0 5.04296875
1.0 0.00463104248046875 -0.0019626617431640625 -0.10638427734375 -0.004634857177734375 1.0 -0.0011911392211914062 -0.10040283203125 0.001956939697265625 0.0012006759643554688 1.0 5.9765625
1.0 0.0015096664428710938 -0.0021419525146484375 -0.10906982421875 -0.0015106201171875 1.0 -0.0007004737854003906 -0.09814453125 0.0021419525146484375 0.0007033348083496094 1.0 6.94140625
1.0 0.0019502639770507812 -0.0019254684448242188 -0.11956787109375 -0.0019550323486328125 1.0 -0.00252532958984375 -0.130126953125 0.0019207000732421875 0.002529144287109375 1.0 7.9140625
1.0 -4.1544437408447266e-05 -0.0029296875 -0.12060546875 3.0994415283203125e-05 1.0 -0.00360107421875 -0.1661376953125 0.0029296875 0.00360107421875 1.0 8.8984375
1.0 -0.00020194053649902344 -0.003574371337890625 -0.1524658203125 0.00019359588623046875 1.0 -0.0023555755615234375 -0.185546875 0.003574371337890625 0.0023555755615234375 1.0 9.890625
1.0 -0.0023670196533203125 -0.005390167236328125 -0.1505126953125 0.002376556396484375 1.0 0.0017032623291015625 -0.167236328125 0.0053863525390625 -0.00171661376953125 1.0 10.828125
1.0 -0.0022830963134765625 -0.00582122802734375 -0.15771484375 0.0023193359375 1.0 0.006183624267578125 -0.1385498046875 0.005809783935546875 -0.006198883056640625 1.0 11.7734375
1.0 8.970499038696289e-05 -0.005970001220703125 -0.20556640625 -4.1484832763671875e-05 1.0 0.0080718994140625 -0.13525390625 0.005970001220703125 -0.0080718994140625 1.0 12.7734375
1.0 0.003017425537109375 -0.0067291259765625 -0.2379150390625 -0.0029926300048828125 1.0 0.0037994384765625 -0.21630859375 0.006740570068359375 -0.0037784576416015625 1.0 13.71875
1.0 0.00800323486328125 -0.0078887939453125 -0.27490234375 -0.00803375244140625 1.0 -0.004383087158203125 -0.349853515625 0.00785064697265625 0.004444122314453125 1.0 14.6484375
1.0 0.01044464111328125 -0.008544921875 -0.29833984375 -0.010528564453125 1.0 -0.0094757080078125 -0.44677734375 0.00844573974609375 0.00955963134765625 1.0 15.5625
1.0 0.01486968994140625 -0.0098724365234375 -0.3203125 -0.01495361328125 1.0 -0.00792694091796875 -0.443359375 0.00975799560546875 0.0080718994140625 1.0 16.46875
1.0 0.01708984375 -0.01099395751953125 -0.34716796875 -0.0171661376953125 1.0 -0.006374359130859375 -0.394775390625 0.0108795166015625 0.006561279296875 1.0 17.3125
0.99951171875 0.021087646484375 -0.011199951171875 -0.389404296875 -0.0211334228515625 1.0 -0.004150390625 -0.406005859375 0.0111083984375 0.00438690185546875 1.0 18.21875
0.99951171875 0.022979736328125 -0.01230621337890625 -0.412841796875 -0.023040771484375 0.99951171875 -0.004566192626953125 -0.426025390625 0.01219940185546875 0.004848480224609375 1.0 19.078125
0.99951171875 0.0247650146484375 -0.0133056640625 -0.46044921875 -0.0248260498046875 0.99951171875 -0.0044097900390625 -0.426513671875 0.01319122314453125 0.00473785400390625 1.0 19.96875
0.99951171875 0.0295867919921875 -0.01503753662109375 -0.44677734375 -0.029632568359375 0.99951171875 -0.0027408599853515625 -0.48095703125 0.01494598388671875 0.003185272216796875 1.0 20.71875
0.99951171875 0.0305023193359375 -0.016143798828125 -0.492919921875 -0.030548095703125 0.99951171875 -0.00261688232421875 -0.490478515625 0.01605224609375 0.003108978271484375 1.0 21.546875
0.99951171875 0.030120849609375 -0.0179443359375 -0.51171875 -0.0301361083984375 0.99951171875 -0.0011749267578125 -0.4873046875 0.0178985595703125 0.0017147064208984375 1.0 22.34375
0.9990234375 0.033721923828125 -0.0195770263671875 -0.548828125 -0.03369140625 0.99951171875 0.0018062591552734375 -0.4462890625 0.019622802734375 -0.0011453628540039062 1.0 23.125
0.9990234375 0.036895751953125 -0.02178955078125 -0.55517578125 -0.036773681640625 0.99951171875 0.006061553955078125 -0.375732421875 0.022003173828125 -0.00525665283203125 0.99951171875 23.90625
0.9990234375 0.0404052734375 -0.02362060546875 -0.61181640625 -0.040252685546875 0.9990234375 0.007415771484375 -0.35107421875 0.023895263671875 -0.006458282470703125 0.99951171875 24.6875
0.99853515625 0.04443359375 -0.02197265625 -0.66748046875 -0.04437255859375 0.9990234375 0.002841949462890625 -0.48046875 0.022064208984375 -0.0018634796142578125 0.99951171875 25.40625
0.99853515625 0.045867919921875 -0.0228729248046875 -0.708984375 -0.045989990234375 0.9990234375 -0.004947662353515625 -0.6875 0.0226287841796875 0.005992889404296875 0.99951171875 26.15625
0.99853515625 0.0465087890625 -0.0234375 -0.75830078125 -0.046783447265625 0.9990234375 -0.01001739501953125 -0.8564453125 0.02294921875 0.01110076904296875 0.99951171875 26.875
0.99853515625 0.04766845703125 -0.023529052734375 -0.783203125 -0.04791259765625 0.9990234375 -0.01092529296875 -0.90087890625 0.022979736328125 0.0120391845703125 0.99951171875 27.546875
0.99853515625 0.050628662109375 -0.025146484375 -0.81201171875 -0.05084228515625 0.99853515625 -0.00740814208984375 -0.8125 0.0247344970703125 0.00867462158203125 0.99951171875 28.21875
0.99853515625 0.05133056640625 -0.026580810546875 -0.85400390625 -0.05145263671875 0.99853515625 -0.00493621826171875 -0.7705078125 0.0262908935546875 0.006298065185546875 0.99951171875 28.890625
0.99853515625 0.048370361328125 -0.0277252197265625 -0.86962890625 -0.048614501953125 0.99853515625 -0.00890350341796875 -0.875 0.027252197265625 0.0102386474609375 0.99951171875 29.484375
0.9990234375 0.040985107421875 -0.0274200439453125 -0.8544921875 -0.04144287109375 0.9990234375 -0.01568603515625 -1.05859375 0.0267486572265625 0.0167999267578125 0.99951171875 30.109375
0.9990234375 0.038665771484375 -0.0251312255859375 -0.8564453125 -0.0391845703125 0.9990234375 -0.020538330078125 -1.236328125 0.0243072509765625 0.0214996337890625 0.99951171875 30.796875
0.9990234375 0.040771484375 -0.021514892578125 -0.77197265625 -0.041229248046875 0.9990234375 -0.0201568603515625 -1.24609375 0.0206756591796875 0.021026611328125 0.99951171875 31.421875
0.9990234375 0.045562744140625 -0.0176849365234375 -0.66259765625 -0.045867919921875 0.9990234375 -0.0173492431640625 -1.154296875 0.016876220703125 0.01812744140625 0.99951171875 32.03125
0.9990234375 0.04473876953125 -0.01422882080078125 -0.49560546875 -0.044952392578125 0.9990234375 -0.0159454345703125 -1.080078125 0.0135040283203125 0.016571044921875 1.0 32.53125
0.9990234375 0.0411376953125 -0.0082244873046875 -0.2998046875 -0.041229248046875 0.9990234375 -0.01168060302734375 -0.95166015625 0.007732391357421875 0.0120086669921875 1.0 33.09375
0.99951171875 0.036590576171875 0.00019156932830810547 -0.0214080810546875 -0.03656005859375 0.99951171875 -0.0085906982421875 -0.85400390625 -0.0005059242248535156 0.00858306884765625 1.0 33.65625
0.9990234375 0.041168212890625 0.00922393798828125 0.32421875 -0.04107666015625 0.9990234375 -0.0098419189453125 -0.8828125 -0.00962066650390625 0.00945281982421875 1.0 34.21875
0.99853515625 0.04693603515625 0.0241546630859375 0.8330078125 -0.04669189453125 0.9990234375 -0.0103607177734375 -0.90966796875 -0.0246124267578125 0.00922393798828125 0.99951171875 34.75
0.99755859375 0.052825927734375 0.04229736328125 1.4775390625 -0.052459716796875 0.99853515625 -0.0099029541015625 -0.8994140625 -0.04278564453125 0.007656097412109375 0.9990234375 35.21875
0.99658203125 0.05169677734375 0.06396484375 2.28125 -0.05120849609375 0.99853515625 -0.00909423828125 -0.8779296875 -0.0643310546875 0.005786895751953125 0.998046875 35.65625
0.99462890625 0.048492431640625 0.0908203125 3.26171875 -0.048004150390625 0.9990234375 -0.0075531005859375 -0.8310546875 -0.091064453125 0.003154754638671875 0.99560546875 36.0625
0.99169921875 0.048553466796875 0.11968994140625 4.359375 -0.048126220703125 0.9990234375 -0.0066070556640625 -0.7939453125 -0.119873046875 0.0007915496826171875 0.99267578125 36.40625
0.9873046875 0.04840087890625 0.1522216796875 5.59765625 -0.0482177734375 0.9990234375 -0.0050048828125 -0.73876953125 -0.15234375 -0.002399444580078125 0.98828125 36.6875
0.98095703125 0.048980712890625 0.189208984375 7.01171875 -0.049041748046875 0.9990234375 -0.004322052001953125 -0.72607421875 -0.189208984375 -0.005039215087890625 0.98193359375 36.90625
0.9716796875 0.049224853515625 0.2305908203125 8.609375 -0.04949951171875 0.99853515625 -0.004589080810546875 -0.72900390625 -0.2305908203125 -0.006954193115234375 0.97314453125 37.03125
0.9599609375 0.04833984375 0.275390625 10.3515625 -0.049163818359375 0.9990234375 -0.003936767578125 -0.72119140625 -0.275146484375 -0.00975799560546875 0.96142578125 37.0
0.9443359375 0.05108642578125 0.32470703125 12.2734375 -0.051788330078125 0.99853515625 -0.006443023681640625 -0.8203125 -0.32470703125 -0.01073455810546875 0.94580078125 36.8125
0.92529296875 0.05078125 0.376220703125 14.3359375 -0.051300048828125 0.99853515625 -0.008697509765625 -0.9189453125 -0.376220703125 -0.01125335693359375 0.92626953125 36.5
0.90087890625 0.05352783203125 0.430908203125 16.546875 -0.05267333984375 0.99853515625 -0.01398468017578125 -1.087890625 -0.430908203125 -0.01009368896484375 0.90234375 35.96875
0.8720703125 0.051605224609375 0.486572265625 18.8125 -0.0518798828125 0.99853515625 -0.012939453125 -1.0751953125 -0.486572265625 -0.01395416259765625 0.87353515625 35.25
0.8388671875 0.05059814453125 0.5419921875 21.109375 -0.05059814453125 0.99853515625 -0.014923095703125 -1.1435546875 -0.5419921875 -0.01491546630859375 0.84033203125 34.34375
0.80126953125 0.047149658203125 0.5966796875 23.40625 -0.047027587890625 0.99853515625 -0.015777587890625 -1.1748046875 -0.5966796875 -0.0154266357421875 0.80224609375 33.21875
0.759765625 0.045196533203125 0.6484375 25.625 -0.045989990234375 0.9990234375 -0.0157012939453125 -1.1767578125 -0.6484375 -0.0178985595703125 0.76123046875 31.984375
0.71728515625 0.042694091796875 0.6953125 27.671875 -0.045135498046875 0.9990234375 -0.0147552490234375 -1.1318359375 -0.6953125 -0.02081298828125 0.71826171875 30.703125
0.671875 0.044464111328125 0.7392578125 29.625 -0.049713134765625 0.99853515625 -0.01488494873046875 -1.1416015625 -0.7392578125 -0.026763916015625 0.6728515625 29.265625
0.62353515625 0.0421142578125 0.78076171875 31.5 -0.050048828125 0.99853515625 -0.013916015625 -1.1025390625 -0.7802734375 -0.0303802490234375 0.625 27.71875
0.57568359375 0.03778076171875 0.81689453125 33.1875 -0.04864501953125 0.99853515625 -0.01189422607421875 -1.03515625 -0.81591796875 -0.032867431640625 0.5771484375 26.140625
0.52685546875 0.0282745361328125 0.849609375 34.75 -0.04180908203125 0.9990234375 -0.007320404052734375 -0.84228515625 -0.8486328125 -0.031646728515625 0.52783203125 24.5
0.477783203125 0.029388427734375 0.8779296875 36.15625 -0.0421142578125 0.9990234375 -0.010528564453125 -0.9765625 -0.87744140625 -0.031951904296875 0.478515625 22.875
0.427001953125 0.035400390625 0.9033203125 37.40625 -0.046112060546875 0.9990234375 -0.017333984375 -1.2744140625 -0.90283203125 -0.03424072265625 0.42822265625 21.140625
0.3798828125 0.034698486328125 0.92431640625 38.5 -0.044403076171875 0.9990234375 -0.019256591796875 -1.3662109375 -0.923828125 -0.033721923828125 0.380859375 19.53125
0.33642578125 0.02685546875 0.94140625 39.4375 -0.041534423828125 0.9990234375 -0.0136566162109375 -1.1376953125 -0.94091796875 -0.03448486328125 0.337158203125 18.015625
0.29638671875 0.0113067626953125 0.955078125 40.25 -0.03887939453125 0.9990234375 0.00023126602172851562 -0.54736328125 -0.9541015625 -0.037200927734375 0.29638671875 16.6875
0.260009765625 0.007419586181640625 0.9658203125 40.90625 -0.04052734375 0.9990234375 0.0032329559326171875 -0.41455078125 -0.96484375 -0.03997802734375 0.260009765625 15.5234375
0.2275390625 0.01055145263671875 0.9736328125 41.53125 -0.03778076171875 0.99951171875 -0.001995086669921875 -0.60498046875 -0.97314453125 -0.036346435546875 0.227783203125 14.40625
0.195068359375 0.0212860107421875 0.98046875 41.96875 -0.03558349609375 0.9990234375 -0.014617919921875 -1.169921875 -0.97998046875 -0.03204345703125 0.1956787109375 13.3671875
0.1668701171875 0.0269775390625 0.98583984375 42.375 -0.033416748046875 0.9990234375 -0.0216827392578125 -1.4755859375 -0.9853515625 -0.029327392578125 0.1676025390625 12.3828125
0.141357421875 0.024993896484375 0.98974609375 42.71875 -0.031402587890625 0.99951171875 -0.020751953125 -1.4765625 -0.9892578125 -0.0281524658203125 0.14208984375 11.703125
0.11865234375 0.016815185546875 0.99267578125 43.0625 -0.02716064453125 0.99951171875 -0.01367950439453125 -1.1806640625 -0.99267578125 -0.0253448486328125 0.1190185546875 11.0703125
0.0997314453125 0.01108551025390625 0.9951171875 43.40625 -0.0185089111328125 1.0 -0.00928497314453125 -0.99951171875 -0.99462890625 -0.017486572265625 0.09991455078125 10.7109375
0.07977294921875 0.00994110107421875 0.99658203125 43.65625 -0.01105499267578125 1.0 -0.00908660888671875 -1.02734375 -0.99658203125 -0.01029205322265625 0.07989501953125 10.2421875
0.0626220703125 0.01274871826171875 0.998046875 43.84375 -0.0108642578125 1.0 -0.01209259033203125 -1.15625 -0.998046875 -0.0100860595703125 0.062744140625 9.8359375
0.046966552734375 0.01424407958984375 0.9990234375 44.0 -0.01490020751953125 1.0 -0.01355743408203125 -1.171875 -0.9990234375 -0.01424407958984375 0.047149658203125 9.671875
0.032684326171875 0.01546478271484375 0.99951171875 44.15625 -0.0184783935546875 0.99951171875 -0.014862060546875 -1.2421875 -0.99951171875 -0.017974853515625 0.032958984375 9.578125
0.0196990966796875 0.01291656494140625 0.99951171875 44.3125 -0.0193939208984375 0.99951171875 -0.01253509521484375 -1.0517578125 -0.99951171875 -0.019134521484375 0.0199432373046875 9.375
0.00875091552734375 0.00843048095703125 1.0 44.46875 -0.0197601318359375 1.0 -0.0082550048828125 -0.8671875 -1.0 -0.019683837890625 0.00891876220703125 9.4140625
-0.0005292892456054688 0.0041351318359375 1.0 44.625 -0.0189971923828125 1.0 -0.004146575927734375 -0.6904296875 -1.0 -0.0189971923828125 -0.00045037269592285156 9.4296875
-0.007843017578125 0.0027751922607421875 1.0 44.71875 -0.01776123046875 1.0 -0.0029144287109375 -0.603515625 -1.0 -0.0177764892578125 -0.00778961181640625 9.5234375
-0.01287078857421875 0.0013179779052734375 1.0 44.8125 -0.01727294921875 1.0 -0.0015401840209960938 -0.55224609375 -1.0 -0.0172882080078125 -0.012847900390625 9.7890625
-0.0169830322265625 -0.0019855499267578125 1.0 44.90625 -0.01519012451171875 1.0 0.0017290115356445312 -0.37744140625 -0.99951171875 -0.01515960693359375 -0.016998291015625 10.140625
-0.0223388671875 -0.0017414093017578125 0.99951171875 45.03125 -0.0146331787109375 1.0 0.001415252685546875 -0.390625 -0.99951171875 -0.0146026611328125 -0.022369384765625 10.34375
-0.0250701904296875 -0.00910186767578125 0.99951171875 45.125 -0.01302337646484375 1.0 0.00878143310546875 0.0116119384765625 -0.99951171875 -0.0128021240234375 -0.025177001953125 10.6640625
-0.0272979736328125 -0.00919342041015625 0.99951171875 45.21875 -0.01324462890625 1.0 0.0088348388671875 -0.001461029052734375 -0.99951171875 -0.01300048828125 -0.0274200439453125 11.078125
-0.0297698974609375 -0.0096435546875 0.99951171875 45.28125 -0.0135498046875 1.0 0.00923919677734375 0.01168060302734375 -0.99951171875 -0.01326751708984375 -0.0298919677734375 11.5703125
-0.03216552734375 -0.01076507568359375 0.99951171875 45.3125 -0.014190673828125 1.0 0.01030731201171875 0.05511474609375 -0.99951171875 -0.01385498046875 -0.032318115234375 12.109375
-0.031585693359375 -0.016143798828125 0.99951171875 45.375 -0.01410675048828125 1.0 0.0157012939453125 0.306884765625 -0.99951171875 -0.01360321044921875 -0.03179931640625 12.7109375
-0.030792236328125 -0.0182342529296875 0.99951171875 45.375 -0.01409149169921875 0.99951171875 0.0178070068359375 0.398681640625 -0.99951171875 -0.0135345458984375 -0.031036376953125 13.375
-0.0281829833984375 -0.0204925537109375 0.99951171875 45.34375 -0.01369476318359375 0.99951171875 0.020111083984375 0.5087890625 -0.99951171875 -0.01312255859375 -0.0284576416015625 14.2265625
-0.0235443115234375 -0.0227813720703125 0.99951171875 45.3125 -0.01318359375 0.99951171875 0.0224609375 0.62744140625 -0.99951171875 -0.0126495361328125 -0.0238494873046875 15.078125
-0.0192718505859375 -0.0218048095703125 0.99951171875 45.21875 -0.01373291015625 0.99951171875 0.02154541015625 0.57666015625 -0.99951171875 -0.01331329345703125 -0.019561767578125 16.015625
-0.015655517578125 -0.020355224609375 0.99951171875 45.15625 -0.01549530029296875 0.99951171875 0.020111083984375 0.51806640625 -1.0 -0.01517486572265625 -0.015960693359375 16.9375
-0.011474609375 -0.016845703125 1.0 45.125 -0.0174407958984375 0.99951171875 0.0166473388671875 0.361083984375 -1.0 -0.017242431640625 -0.01177215576171875 17.84375
-0.0064697265625 -0.015167236328125 1.0 45.0625 -0.0190582275390625 0.99951171875 0.015045166015625 0.338623046875 -1.0 -0.0189666748046875 -0.006755828857421875 18.796875
-0.002285003662109375 -0.01508331298828125 1.0 44.96875 -0.019256591796875 0.99951171875 0.01503753662109375 0.365966796875 -1.0 -0.01922607421875 -0.002574920654296875 19.78125
0.0009036064147949219 -0.0089874267578125 1.0 44.875 -0.0189971923828125 1.0 0.009002685546875 0.048370361328125 -1.0 -0.019012451171875 0.000732421875 20.75
0.00559234619140625 -0.007701873779296875 1.0 44.8125 -0.01474761962890625 1.0 0.007781982421875 -0.08489990234375 -1.0 -0.0147857666015625 0.0054779052734375 21.671875
0.004009246826171875 0.0021572113037109375 1.0 44.75 -0.01132965087890625 1.0 -0.0021114349365234375 -0.681640625 -1.0 -0.011322021484375 0.00403594970703125 22.53125
0.00507354736328125 0.003955841064453125 1.0 44.78125 -0.007045745849609375 1.0 -0.0039215087890625 -0.81982421875 -1.0 -0.00702667236328125 0.005100250244140625 23.28125
0.005352020263671875 0.00714111328125 1.0 44.78125 -0.007656097412109375 1.0 -0.007099151611328125 -0.9638671875 -1.0 -0.007617950439453125 0.00540924072265625 24.078125
0.004856109619140625 0.00982666015625 1.0 44.75 -0.0096588134765625 1.0 -0.0097808837890625 -1.052734375 -1.0 -0.009613037109375 0.00495147705078125 24.90625
0.0046844482421875 0.01090240478515625 1.0 44.75 -0.011444091796875 1.0 -0.0108489990234375 -1.0947265625 -1.0 -0.01139068603515625 0.004810333251953125 25.75
0.00461578369140625 0.01265716552734375 1.0 44.71875 -0.0116729736328125 1.0 -0.01259613037109375 -1.15625 -1.0 -0.0116119384765625 0.0047607421875 26.578125
0.005237579345703125 0.0177154541015625 1.0 44.71875 -0.0125885009765625 1.0 -0.01763916015625 -1.41015625 -1.0 -0.0124969482421875 0.005458831787109375 27.359375
0.006549835205078125 0.0206451416015625 1.0 44.71875 -0.01213836669921875 0.99951171875 -0.02056884765625 -1.560546875 -1.0 -0.01200103759765625 0.00679779052734375 28.1875
0.005397796630859375 0.0233001708984375 0.99951171875 44.75 -0.010833740234375 0.99951171875 -0.0232391357421875 -1.72265625 -1.0 -0.01070404052734375 0.005649566650390625 28.9375
0.00449371337890625 0.0253753662109375 0.99951171875 44.8125 -0.01123809814453125 0.99951171875 -0.02532958984375 -1.80859375 -1.0 -0.0111236572265625 0.0047760009765625 29.40625
0.0002570152282714844 0.026824951171875 0.99951171875 44.9375 -0.01082611083984375 0.99951171875 -0.0268096923828125 -1.8330078125 -1.0 -0.0108184814453125 0.0005474090576171875 30.234375
-0.0035076141357421875 0.031341552734375 0.99951171875 45.09375 -0.0139617919921875 0.99951171875 -0.031402587890625 -1.9658203125 -1.0 -0.014068603515625 -0.0030670166015625 30.75
-0.01018524169921875 0.033477783203125 0.99951171875 45.28125 -0.01561737060546875 0.99951171875 -0.03363037109375 -2.01171875 -1.0 -0.0159454345703125 -0.00965118408203125 31.3125
-0.01157379150390625 0.03387451171875 0.99951171875 45.53125 -0.018035888671875 0.9990234375 -0.034088134765625 -2.0859375 -1.0 -0.0184173583984375 -0.010955810546875 32.21875
-0.0202178955078125 0.0364990234375 0.9990234375 45.8125 -0.01708984375 0.9990234375 -0.036834716796875 -2.25390625 -0.99951171875 -0.0178070068359375 -0.0195770263671875 32.625
-0.03009033203125 0.03656005859375 0.9990234375 46.15625 -0.0162811279296875 0.9990234375 -0.03704833984375 -2.296875 -0.99951171875 -0.0173797607421875 -0.0294647216796875 32.96875
-0.039886474609375 0.03387451171875 0.99853515625 46.5 -0.016632080078125 0.9990234375 -0.0345458984375 -2.16796875 -0.9990234375 -0.0179901123046875 -0.039276123046875 33.40625
-0.050811767578125 0.036102294921875 0.998046875 46.875 -0.017608642578125 0.9990234375 -0.03704833984375 -2.263671875 -0.99853515625 -0.0194549560546875 -0.050140380859375 33.71875
-0.06182861328125 0.03656005859375 0.99755859375 47.25 -0.018218994140625 0.9990234375 -0.037750244140625 -2.275390625 -0.998046875 -0.0205078125 -0.06109619140625 33.96875
-0.07269287109375 0.036865234375 0.99658203125 47.625 -0.017669677734375 0.9990234375 -0.038238525390625 -2.328125 -0.9970703125 -0.0204010009765625 -0.07196044921875 34.25
-0.083740234375 0.036102294921875 0.99560546875 48.0 -0.0160675048828125 0.9990234375 -0.037567138671875 -2.357421875 -0.99658203125 -0.0191497802734375 -0.0831298828125 34.53125
-0.09326171875 0.036712646484375 0.9951171875 48.375 -0.01495361328125 0.9990234375 -0.03826904296875 -2.451171875 -0.99560546875 -0.0184478759765625 -0.09259033203125 34.625
-0.1026611328125 0.03375244140625 0.994140625 48.75 -0.0127105712890625 0.99951171875 -0.035247802734375 -2.36328125 -0.99462890625 -0.0162506103515625 -0.1021728515625 34.90625
-0.1121826171875 0.03326416015625 0.9931640625 49.09375 -0.011444091796875 0.99951171875 -0.034759521484375 -2.3828125 -0.99365234375 -0.01526641845703125 -0.11175537109375 35.21875
-0.122314453125 0.03216552734375 0.9921875 49.40625 -0.0089111328125 0.99951171875 -0.03350830078125 -2.357421875 -0.99267578125 -0.012939453125 -0.1219482421875 35.78125
-0.130615234375 0.033477783203125 0.99072265625 49.78125 -0.00836181640625 0.99951171875 -0.034881591796875 -2.4296875 -0.9912109375 -0.0128326416015625 -0.1302490234375 35.9375
-0.13818359375 0.0321044921875 0.98974609375 50.125 -0.00949859619140625 0.99951171875 -0.03375244140625 -2.380859375 -0.990234375 -0.014068603515625 -0.1378173828125 36.21875
-0.145263671875 0.02935791015625 0.98876953125 50.40625 -0.0110626220703125 0.99951171875 -0.03131103515625 -2.212890625 -0.9892578125 -0.01548004150390625 -0.144775390625 36.5625
-0.15087890625 0.0236663818359375 0.98828125 50.59375 -0.01419830322265625 0.99951171875 -0.0261077880859375 -1.875 -0.98828125 -0.017974853515625 -0.1505126953125 36.96875
-0.155029296875 0.0208740234375 0.98779296875 50.75 -0.016204833984375 0.99951171875 -0.0236663818359375 -1.68359375 -0.98779296875 -0.019683837890625 -0.154541015625 37.4375
-0.1568603515625 0.019073486328125 0.9873046875 50.84375 -0.0172576904296875 0.99951171875 -0.0220489501953125 -1.5595703125 -0.9873046875 -0.0205078125 -0.156494140625 38.03125
-0.15869140625 0.0185699462890625 0.9873046875 50.9375 -0.0183563232421875 0.99951171875 -0.0217437744140625 -1.515625 -0.9873046875 -0.0215606689453125 -0.158203125 38.59375
-0.157958984375 0.01357269287109375 0.9873046875 50.96875 -0.017852783203125 0.99951171875 -0.0166015625 -1.30859375 -0.9873046875 -0.0202484130859375 -0.1575927734375 39.1875
-0.156005859375 0.01221466064453125 0.98779296875 50.90625 -0.01751708984375 0.99951171875 -0.01512908935546875 -1.28515625 -0.98779296875 -0.0196533203125 -0.1556396484375 39.71875
-0.15380859375 0.01348876953125 0.98779296875 50.78125 -0.0167083740234375 0.99951171875 -0.0162506103515625 -1.4091796875 -0.98779296875 -0.019012451171875 -0.153564453125 40.46875
-0.14892578125 0.01495361328125 0.98876953125 50.5625 -0.016021728515625 0.99951171875 -0.0175323486328125 -1.515625 -0.98876953125 -0.0184478759765625 -0.148681640625 41.4375
-0.1395263671875 0.01250457763671875 0.990234375 50.1875 -0.01409149169921875 1.0 -0.01461029052734375 -1.4580078125 -0.990234375 -0.0159912109375 -0.1392822265625 42.53125
-0.1280517578125 0.01270294189453125 0.99169921875 49.6875 -0.01309967041015625 1.0 -0.01450347900390625 -1.49609375 -0.99169921875 -0.0148468017578125 -0.1278076171875 43.625
-0.1134033203125 0.00864410400390625 0.99365234375 49.0625 -0.01122283935546875 1.0 -0.009979248046875 -1.3603515625 -0.99365234375 -0.01227569580078125 -0.11328125 45.0
-0.0955810546875 0.00861358642578125 0.99560546875 48.25 -0.0095062255859375 1.0 -0.0095672607421875 -1.431640625 -0.99560546875 -0.0103759765625 -0.09552001953125 46.375
-0.07476806640625 0.01201629638671875 0.9970703125 47.21875 -0.006481170654296875 1.0 -0.01253509521484375 -1.720703125 -0.9970703125 -0.0074005126953125 -0.07470703125 47.90625
-0.049407958984375 0.01300811767578125 0.99853515625 46.0 -0.0023517608642578125 1.0 -0.0131378173828125 -1.9423828125 -0.99853515625 -0.00299835205078125 -0.049346923828125 49.71875
-0.021240234375 0.0142059326171875 0.99951171875 44.53125 -0.00015664100646972656 1.0 -0.01421356201171875 -2.095703125 -1.0 -0.0004584789276123047 -0.021240234375 51.5625
0.0131378173828125 0.01512908935546875 1.0 42.71875 5.841255187988281e-05 1.0 -0.01512908935546875 -2.14453125 -1.0 0.00025725364685058594 0.0131378173828125 53.5625
0.052337646484375 0.01415252685546875 0.99853515625 40.5625 -0.001522064208984375 1.0 -0.01409912109375 -2.013671875 -0.99853515625 -0.0007824897766113281 0.052337646484375 55.75
0.09466552734375 0.0166168212890625 0.99560546875 38.09375 -0.00634765625 1.0 -0.016082763671875 -1.861328125 -0.99560546875 -0.004795074462890625 0.09478759765625 58.0
0.1409912109375 0.017486572265625 0.98974609375 35.3125 -0.0099029541015625 1.0 -0.0162506103515625 -1.66796875 -0.98974609375 -0.007511138916015625 0.1412353515625 60.25
0.1888427734375 0.0218048095703125 0.98193359375 32.28125 -0.013458251953125 0.99951171875 -0.0196075439453125 -1.609375 -0.98193359375 -0.0095062255859375 0.1890869140625 62.46875
0.2435302734375 0.02642822265625 0.9697265625 28.71875 -0.017547607421875 0.99951171875 -0.0228424072265625 -1.546875 -0.9697265625 -0.011444091796875 0.243896484375 64.625
0.2939453125 0.0157012939453125 0.95556640625 25.140625 -0.0090789794921875 1.0 -0.0136260986328125 -1.578125 -0.95556640625 -0.004669189453125 0.294189453125 66.125
0.344970703125 0.0183258056640625 0.9384765625 21.328125 -0.004184722900390625 1.0 -0.0179901123046875 -1.962890625 -0.9384765625 0.00228118896484375 0.344970703125 67.875
0.420166015625 0.023101806640625 0.9072265625 15.796875 -0.0056610107421875 0.99951171875 -0.0228424072265625 -2.142578125 -0.9072265625 0.00446319580078125 0.420166015625 69.4375
0.48486328125 0.01861572265625 0.87451171875 10.75 0.0007371902465820312 1.0 -0.021697998046875 -2.462890625 -0.87451171875 0.01116943359375 0.48486328125 70.875
0.54541015625 0.018096923828125 0.837890625 5.69140625 0.0072021484375 0.99951171875 -0.0262603759765625 -2.98046875 -0.83837890625 0.020355224609375 0.544921875 71.9375
0.60498046875 0.017303466796875 0.79638671875 0.410888671875 0.01309967041015625 0.99951171875 -0.031646728515625 -3.5 -0.79638671875 0.029571533203125 0.60400390625 72.625
0.65869140625 0.0175018310546875 0.75244140625 -4.71484375 0.01551055908203125 0.9990234375 -0.036834716796875 -3.849609375 -0.75244140625 0.035919189453125 0.65771484375 72.875
0.70947265625 0.01273345947265625 0.70458984375 -9.8828125 0.016845703125 0.9990234375 -0.035003662109375 -3.83203125 -0.70458984375 0.036712646484375 0.70849609375 72.9375
0.755859375 0.00925445556640625 0.65478515625 -14.9140625 0.01372528076171875 0.99951171875 -0.0299835205078125 -3.439453125 -0.65478515625 0.031646728515625 0.75537109375 72.625
0.79833984375 0.005786895751953125 0.60205078125 -19.875 0.01090240478515625 0.99951171875 -0.0240631103515625 -3.00390625 -0.60205078125 0.0257720947265625 0.79833984375 71.9375
0.83642578125 0.0037631988525390625 0.54833984375 -24.5625 0.007160186767578125 1.0 -0.017791748046875 -2.544921875 -0.54833984375 0.018798828125 0.8359375 70.75
0.86865234375 0.0004916191101074219 0.495361328125 -28.953125 0.00536346435546875 1.0 -0.01039886474609375 -2.115234375 -0.4951171875 0.011688232421875 0.86865234375 69.5625
0.8955078125 0.0012073516845703125 0.44482421875 -32.9375 0.0018491744995117188 1.0 -0.006439208984375 -1.734375 -0.44482421875 0.006587982177734375 0.8955078125 68.25
0.9169921875 0.00341033935546875 0.39892578125 -36.375 -0.0015230178833007812 1.0 -0.005046844482421875 -1.4697265625 -0.39892578125 0.00402069091796875 0.9169921875 66.9375
0.93310546875 0.0107879638671875 0.359375 -39.28125 -0.00916290283203125 1.0 -0.00621795654296875 -1.076171875 -0.359619140625 0.002506256103515625 0.93310546875 65.8125
0.9453125 0.01482391357421875 0.3251953125 -41.75 -0.01245880126953125 1.0 -0.00936126708984375 -1.0361328125 -0.3251953125 0.004802703857421875 0.94580078125 64.8125
0.95556640625 0.01617431640625 0.294921875 -43.84375 -0.01354217529296875 1.0 -0.01097869873046875 -1.0390625 -0.294921875 0.006496429443359375 0.95556640625 63.9375
0.9619140625 0.01071929931640625 0.27392578125 -45.28125 -0.008209228515625 1.0 -0.01032257080078125 -1.3271484375 -0.27392578125 0.0076751708984375 0.9619140625 63.5
0.9658203125 0.01053619384765625 0.259033203125 -46.3125 -0.00821685791015625 1.0 -0.0100250244140625 -1.337890625 -0.259033203125 0.0075531005859375 0.9658203125 63.4375
0.96923828125 0.0139617919921875 0.245849609375 -47.1875 -0.011383056640625 1.0 -0.0119171142578125 -1.228515625 -0.2459716796875 0.00875091552734375 0.96923828125 63.28125
0.97119140625 0.023162841796875 0.2369384765625 -47.8125 -0.0204925537109375 0.99951171875 -0.013702392578125 -0.783203125 -0.2371826171875 0.008453369140625 0.97119140625 63.34375
0.97265625 0.0325927734375 0.23095703125 -48.21875 -0.0293426513671875 0.99951171875 -0.017486572265625 -0.43212890625 -0.2313232421875 0.010223388671875 0.97265625 63.5625
0.97314453125 0.03643798828125 0.22802734375 -48.40625 -0.03216552734375 0.9990234375 -0.0223846435546875 -0.50244140625 -0.228759765625 0.014434814453125 0.97314453125 63.9375
0.97314453125 0.037811279296875 0.2271728515625 -48.46875 -0.03289794921875 0.9990234375 -0.025360107421875 -0.6171875 -0.2279052734375 0.0172119140625 0.9736328125 64.4375
0.97265625 0.03533935546875 0.2293701171875 -48.28125 -0.0295867919921875 0.9990234375 -0.028411865234375 -0.9814453125 -0.230224609375 0.020843505859375 0.97314453125 65.0625
0.97216796875 0.031768798828125 0.2322998046875 -48.03125 -0.0245361328125 0.9990234375 -0.033905029296875 -1.5751953125 -0.233154296875 0.0272674560546875 0.97216796875 65.625
0.970703125 0.032989501953125 0.237060546875 -47.71875 -0.0244903564453125 0.9990234375 -0.038726806640625 -1.8359375 -0.238037109375 0.03179931640625 0.970703125 66.5
0.9697265625 0.03753662109375 0.2412109375 -47.4375 -0.0287933349609375 0.9990234375 -0.03973388671875 -1.6201171875 -0.242431640625 0.031585693359375 0.9697265625 67.3125
0.96826171875 0.04119873046875 0.2467041015625 -47.09375 -0.033111572265625 0.99853515625 -0.03680419921875 -1.1865234375 -0.2479248046875 0.0274658203125 0.96826171875 68.25
0.96728515625 0.038970947265625 0.25146484375 -46.78125 -0.03192138671875 0.9990234375 -0.03204345703125 -0.99609375 -0.25244140625 0.0229644775390625 0.96728515625 69.125
0.96630859375 0.03662109375 0.25537109375 -46.5 -0.0310211181640625 0.9990234375 -0.0259246826171875 -0.7236328125 -0.256103515625 0.0171356201171875 0.96630859375 69.9375
0.96533203125 0.03546142578125 0.2587890625 -46.25 -0.0309600830078125 0.99951171875 -0.0214691162109375 -0.468505859375 -0.25927734375 0.01271820068359375 0.9658203125 70.8125
0.96484375 0.0311126708984375 0.26123046875 -46.03125 -0.026885986328125 0.99951171875 -0.0197601318359375 -0.623046875 -0.26171875 0.0120391845703125 0.96484375 71.375
0.96484375 0.026123046875 0.2607421875 -46.0 -0.02117919921875 0.99951171875 -0.0217132568359375 -1.0791015625 -0.26123046875 0.01543426513671875 0.96533203125 71.9375
0.96484375 0.0265960693359375 0.260986328125 -46.0 -0.019775390625 0.99951171875 -0.02874755859375 -1.591796875 -0.26171875 0.0225830078125 0.96484375 72.625
0.96484375 0.02789306640625 0.260498046875 -46.03125 -0.0194244384765625 0.9990234375 -0.035064697265625 -2.00390625 -0.261474609375 0.0287628173828125 0.96484375 73.25
0.9658203125 0.03094482421875 0.257568359375 -46.25 -0.021240234375 0.9990234375 -0.04034423828125 -2.181640625 -0.258544921875 0.03350830078125 0.96533203125 73.75
0.96630859375 0.0308837890625 0.25537109375 -46.4375 -0.0222625732421875 0.9990234375 -0.036529541015625 -1.8857421875 -0.256103515625 0.029632568359375 0.96630859375 74.375
0.966796875 0.0287933349609375 0.25390625 -46.53125 -0.022247314453125 0.99951171875 -0.028594970703125 -1.4169921875 -0.25439453125 0.022003173828125 0.966796875 75.0
0.96728515625 0.031036376953125 0.2509765625 -46.75 -0.0258941650390625 0.99951171875 -0.023773193359375 -0.8984375 -0.25146484375 0.016510009765625 0.9677734375 75.5625
0.9677734375 0.035552978515625 0.249267578125 -46.90625 -0.0301055908203125 0.9990234375 -0.025665283203125 -0.75244140625 -0.25 0.017333984375 0.96826171875 76.25
0.9677734375 0.039520263671875 0.247802734375 -47.0625 -0.032806396484375 0.9990234375 -0.0310821533203125 -0.92333984375 -0.248779296875 0.0219573974609375 0.96826171875 76.9375
0.96875 0.03839111328125 0.244140625 -47.34375 -0.03033447265625 0.9990234375 -0.036651611328125 -1.423828125 -0.2452392578125 0.0281219482421875 0.96923828125 77.4375
0.97021484375 0.03814697265625 0.23974609375 -47.65625 -0.0294952392578125 0.99853515625 -0.039642333984375 -1.66796875 -0.240966796875 0.0313720703125 0.97021484375 78.0625
0.9716796875 0.034210205078125 0.2337646484375 -48.0 -0.0260772705078125 0.9990234375 -0.03778076171875 -1.806640625 -0.23486328125 0.030609130859375 0.9716796875 78.8125
0.97265625 0.030914306640625 0.23046875 -48.28125 -0.02337646484375 0.9990234375 -0.035400390625 -1.830078125 -0.2313232421875 0.029052734375 0.97265625 79.4375
0.97314453125 0.0309295654296875 0.228759765625 -48.40625 -0.02410888671875 0.9990234375 -0.03253173828125 -1.607421875 -0.2296142578125 0.0261383056640625 0.97314453125 80.1875
0.97314453125 0.028656005859375 0.2275390625 -48.53125 -0.0224609375 0.99951171875 -0.0297393798828125 -1.5341796875 -0.228271484375 0.023834228515625 0.97314453125 81.0
0.974609375 0.0237579345703125 0.2235107421875 -48.5625 -0.0180816650390625 0.99951171875 -0.0273895263671875 -1.724609375 -0.22412109375 0.02264404296875 0.97412109375 82.0625
0.974609375 0.02484130859375 0.222900390625 -48.625 -0.0194091796875 0.99951171875 -0.026519775390625 -1.5751953125 -0.223388671875 0.021514892578125 0.974609375 82.875
0.974609375 0.027313232421875 0.2216796875 -48.65625 -0.0216522216796875 0.99951171875 -0.0279388427734375 -1.640625 -0.2222900390625 0.0224456787109375 0.974609375 83.8125
0.974609375 0.032501220703125 0.2216796875 -48.625 -0.0259246826171875 0.9990234375 -0.032562255859375 -1.6982421875 -0.2225341796875 0.0260009765625 0.974609375 84.75
0.97412109375 0.04144287109375 0.222412109375 -48.5625 -0.03424072265625 0.99853515625 -0.036163330078125 -1.40625 -0.2236328125 0.0276031494140625 0.97412109375 85.625
0.97314453125 0.050872802734375 0.225341796875 -48.3125 -0.043792724609375 0.99853515625 -0.036285400390625 -0.81640625 -0.226806640625 0.025421142578125 0.9736328125 86.6875
0.97216796875 0.055450439453125 0.2283935546875 -48.0625 -0.048614501953125 0.998046875 -0.035400390625 -0.4248046875 -0.22998046875 0.0233001708984375 0.97314453125 87.625
0.9716796875 0.05584716796875 0.2303466796875 -47.84375 -0.04888916015625 0.998046875 -0.03582763671875 -0.490234375 -0.23193359375 0.0235443115234375 0.97265625 88.75
0.97119140625 0.05401611328125 0.232421875 -47.65625 -0.046356201171875 0.998046875 -0.03839111328125 -0.85400390625 -0.234130859375 0.026519775390625 0.9716796875 89.6875
0.97119140625 0.0443115234375 0.2333984375 -47.5625 -0.037322998046875 0.99853515625 -0.034271240234375 -1.212890625 -0.234619140625 0.0245819091796875 0.9716796875 90.625
0.9716796875 0.038543701171875 0.23388671875 -47.5 -0.0313720703125 0.9990234375 -0.034271240234375 -1.6337890625 -0.2349853515625 0.0259552001953125 0.9716796875 91.5
0.97119140625 0.037445068359375 0.2353515625 -47.375 -0.0302886962890625 0.9990234375 -0.033935546875 -1.7060546875 -0.236328125 0.025848388671875 0.97119140625 92.4375
0.970703125 0.041229248046875 0.236328125 -47.28125 -0.03460693359375 0.9990234375 -0.03216552734375 -1.2744140625 -0.2373046875 0.0230560302734375 0.97119140625 93.375
0.97119140625 0.040863037109375 0.23486328125 -47.34375 -0.035308837890625 0.9990234375 -0.02777099609375 -0.87060546875 -0.2357177734375 0.0186767578125 0.9716796875 94.125
0.970703125 0.04534912109375 0.235107421875 -47.3125 -0.04058837890625 0.9990234375 -0.0250091552734375 -0.302001953125 -0.236083984375 0.014739990234375 0.9716796875 95.0625
0.970703125 0.042724609375 0.2362060546875 -47.1875 -0.036407470703125 0.9990234375 -0.0310211181640625 -1.087890625 -0.2373046875 0.021514892578125 0.97119140625 95.9375
0.97119140625 0.034912109375 0.2364501953125 -47.21875 -0.0253448486328125 0.99853515625 -0.0433349609375 -2.853515625 -0.237548828125 0.03607177734375 0.970703125 96.625
0.9716796875 0.0296173095703125 0.2353515625 -47.28125 -0.0182952880859375 0.99853515625 -0.05010986328125 -3.958984375 -0.2364501953125 0.04437255859375 0.970703125 97.4375
0.9716796875 0.029449462890625 0.234375 -47.375 -0.020263671875 0.9990234375 -0.041534423828125 -3.09375 -0.2353515625 0.035614013671875 0.97119140625 98.25
0.97216796875 0.0261383056640625 0.2333984375 -47.46875 -0.0219268798828125 0.99951171875 -0.0206146240234375 -1.2421875 -0.23388671875 0.014923095703125 0.97216796875 99.125
0.97265625 0.0263671875 0.2310791015625 -47.6875 -0.0255126953125 0.99951171875 -0.006649017333984375 0.1944580078125 -0.2310791015625 0.0005707740783691406 0.97314453125 99.875
0.97265625 0.0294189453125 0.2305908203125 -47.75 -0.0272674560546875 0.99951171875 -0.01251220703125 -0.255859375 -0.23095703125 0.005878448486328125 0.97314453125 100.75
0.97265625 0.03521728515625 0.2291259765625 -47.90625 -0.029327392578125 0.9990234375 -0.0290679931640625 -1.5810546875 -0.22998046875 0.0215606689453125 0.97314453125 101.4375
0.97314453125 0.03509521484375 0.227783203125 -48.03125 -0.027313232421875 0.9990234375 -0.037200927734375 -2.421875 -0.2288818359375 0.02996826171875 0.97314453125 102.1875
0.97412109375 0.03155517578125 0.2244873046875 -48.28125 -0.0238189697265625 0.9990234375 -0.037109375 -2.69140625 -0.225341796875 0.0308074951171875 0.9736328125 103.0
0.974609375 0.032562255859375 0.2215576171875 -48.59375 -0.0252532958984375 0.9990234375 -0.035797119140625 -2.48828125 -0.222412109375 0.0292816162109375 0.974609375 103.6875
0.97607421875 0.032318115234375 0.2159423828125 -49.09375 -0.02496337890625 0.9990234375 -0.0367431640625 -2.642578125 -0.2169189453125 0.03045654296875 0.9755859375 104.3125
0.978515625 0.032989501953125 0.2030029296875 -50.25 -0.0248870849609375 0.9990234375 -0.04229736328125 -3.0703125 -0.2041015625 0.036346435546875 0.97802734375 104.4375
