1.0 0.0 0.0 0.0 0.0 1.0 0.0 0.0 0.0 0.0 1.0 0.0
1.0 0.0008602142333984375 -0.0003197193145751953 -0.025726318359375 -0.0008602142333984375 1.0 0.0006308555603027344 -0.004543304443359375 0.00032019615173339844 -0.0006303787231445312 1.0 1.0263671875
1.0 0.00013303756713867188 -0.0011730194091796875 -0.0218353271484375 -0.00013720989227294922 1.0 -0.00360107421875 0.026702880859375 0.0011720657348632812 0.00360107421875 1.0 2.080078125
1.0 0.00177001953125 -0.001865386962890625 -0.0526123046875 -0.0017862319946289062 1.0 -0.0083465576171875 0.01447296142578125 0.001850128173828125 0.0083465576171875 1.0 3.1015625
1.0 0.00504302978515625 -0.0028076171875 -0.03302001953125 -0.005069732666015625 1.0 -0.0094146728515625 -0.01922607421875 0.0027618408203125 0.009429931640625 1.0 4.04296875
1.0 0.002643585205078125 -0.0034027099609375 -0.007373809814453125 -0.002658843994140625 1.0 -0.00414276123046875 -0.04400634765625 0.0033931732177734375 0.004154205322265625 1.0 4.95703125
1.0 -0.0002949237823486328 -0.0036754608154296875 -0.03759765625 0.0002903938293457031 1.0 -0.0012559890747070312 -0.033355712890625 0.0036754608154296875 0.001255035400390625 1.0 5.99609375
1.0 -0.005428314208984375 -0.006519317626953125 0.07965087890625 0.00542449951171875 1.0 -0.0005016326904296875 -0.016143798828125 0.00652313232421875 0.00046634674072265625 1.0 6.86328125
1.0 -0.006786346435546875 -0.00693511962890625 0.093505859375 0.00677490234375 1.0 -0.0018634796142578125 -0.0458984375 0.00695037841796875 0.0018157958984375 1.0 7.796875
1.0 -0.00860595703125 -0.00809478759765625 0.0946044921875 0.00858306884765625 1.0 -0.002758026123046875 -0.08416748046875 0.00811767578125 0.0026874542236328125 1.0 8.78125
1.0 -0.00972747802734375 -0.00914764404296875 0.0843505859375 0.0097198486328125 1.0 -0.0012655258178710938 -0.10345458984375 0.0091552734375 0.0011758804321289062 1.0 9.7265625
1.0 -0.01155853271484375 -0.0110931396484375 0.093017578125 0.01158905029296875 1.0 0.0024051666259765625 -0.0872802734375 0.0110626220703125 -0.002532958984375 1.0 10.6484375
1.0 -0.01410675048828125 -0.0118865966796875 0.11395263671875 0.014190673828125 1.0 0.00737762451171875 -0.037017822265625 0.01177978515625 -0.00754547119140625 1.0 11.546875
1.0 -0.00955963134765625 -0.0122222900390625 0.08685302734375 0.009674072265625 1.0 0.009552001953125 -0.059722900390625 0.0121307373046875 -0.00966644287109375 1.0 12.515625
1.0 -0.0038967132568359375 -0.01517486572265625 0.186767578125 0.00399017333984375 1.0 0.006183624267578125 -0.1771240234375 0.0151519775390625 -0.0062408447265625 1.0 13.25
1.0 0.0030155181884765625 -0.0164337158203125 0.1661376953125 -0.0030460357666015625 1.0 -0.0017881393432617188 -0.335693359375 0.0164337158203125 0.0018377304077148438 1.0 14.1640625
1.0 0.002696990966796875 -0.016632080078125 0.1090087890625 -0.00281524658203125 1.0 -0.007080078125 -0.402587890625 0.0166168212890625 0.0071258544921875 1.0 15.15625
1.0 0.00801849365234375 -0.0158538818359375 0.01212310791015625 -0.00809478759765625 1.0 -0.004329681396484375 -0.454345703125 0.01580810546875 0.004459381103515625 1.0 16.171875
1.0 0.01064300537109375 -0.0167388916015625 -0.0181884765625 -0.01068878173828125 1.0 -0.0028171539306640625 -0.40380859375 0.016693115234375 0.002994537353515625 1.0 17.03125
1.0 0.0119781494140625 -0.016387939453125 -0.1441650390625 -0.01198577880859375 1.0 -0.0007028579711914062 -0.410888671875 0.016387939453125 0.0008988380432128906 1.0 18.25
0.99951171875 0.01617431640625 -0.017303466796875 -0.1478271484375 -0.016204833984375 1.0 -0.001251220703125 -0.44775390625 0.01727294921875 0.0015306472778320312 1.0 19.03125
0.99951171875 0.016693115234375 -0.0205078125 -0.1597900390625 -0.016693115234375 1.0 8.690357208251953e-05 -0.44873046875 0.0204925537109375 0.00025534629821777344 1.0 19.875
0.99951171875 0.017181396484375 -0.021240234375 -0.2001953125 -0.0171661376953125 1.0 0.0008821487426757812 -0.452392578125 0.021240234375 -0.0005173683166503906 1.0 20.703125
0.99951171875 0.018096923828125 -0.0220947265625 -0.251953125 -0.0180816650390625 1.0 0.0012836456298828125 -0.463623046875 0.0221099853515625 -0.0008835792541503906 0.99951171875 21.53125
0.99951171875 0.0175018310546875 -0.02325439453125 -0.2880859375 -0.0174560546875 1.0 0.0025577545166015625 -0.457763671875 0.0233001708984375 -0.0021495819091796875 0.99951171875 22.296875
0.99951171875 0.0200347900390625 -0.024566650390625 -0.329345703125 -0.0199127197265625 1.0 0.004985809326171875 -0.39697265625 0.024658203125 -0.00449371337890625 0.99951171875 23.0625
0.99951171875 0.02203369140625 -0.0254058837890625 -0.385498046875 -0.0218048095703125 0.99951171875 0.0089111328125 -0.316650390625 0.0255889892578125 -0.00835418701171875 0.99951171875 23.875
0.99951171875 0.0260009765625 -0.02642822265625 -0.44287109375 -0.0257110595703125 0.99951171875 0.0109100341796875 -0.295166015625 0.026702880859375 -0.010223388671875 0.99951171875 24.65625
0.9990234375 0.0296783447265625 -0.028289794921875 -0.472412109375 -0.0294952392578125 0.99951171875 0.0066070556640625 -0.4169921875 0.028472900390625 -0.005767822265625 0.99951171875 25.359375
0.9990234375 0.030914306640625 -0.0293731689453125 -0.5146484375 -0.0309600830078125 0.99951171875 -0.0010089874267578125 -0.62353515625 0.029327392578125 0.0019178390502929688 0.99951171875 26.09375
0.9990234375 0.0312347412109375 -0.0296478271484375 -0.5625 -0.03143310546875 0.99951171875 -0.00665283203125 -0.78857421875 0.0294189453125 0.007579803466796875 0.99951171875 26.796875
0.9990234375 0.032958984375 -0.0302734375 -0.5771484375 -0.033203125 0.99951171875 -0.007904052734375 -0.83154296875 0.0299835205078125 0.00890350341796875 0.99951171875 27.484375
0.9990234375 0.035736083984375 -0.03131103515625 -0.6171875 -0.035888671875 0.99951171875 -0.0042877197265625 -0.7431640625 0.0311279296875 0.005405426025390625 0.99951171875 28.171875
0.9990234375 0.036468505859375 -0.03271484375 -0.650390625 -0.03656005859375 0.99951171875 -0.0017633438110351562 -0.69970703125 0.03265380859375 0.0029582977294921875 0.99951171875 28.828125
0.9990234375 0.03375244140625 -0.032318115234375 -0.68994140625 -0.033905029296875 0.99951171875 -0.00443267822265625 -0.8115234375 0.032135009765625 0.005519866943359375 0.99951171875 29.484375
0.9990234375 0.0269927978515625 -0.033233642578125 -0.67333984375 -0.0273284912109375 0.99951171875 -0.009735107421875 -0.990234375 0.032958984375 0.0106353759765625 0.99951171875 30.09375
0.9990234375 0.0235137939453125 -0.03240966796875 -0.638671875 -0.024017333984375 0.99951171875 -0.01506805419921875 -1.150390625 0.03204345703125 0.015838623046875 0.99951171875 30.703125
0.9990234375 0.0257110595703125 -0.0293121337890625 -0.54248046875 -0.026153564453125 0.99951171875 -0.01495361328125 -1.1513671875 0.0289154052734375 0.015716552734375 0.99951171875 31.265625
0.9990234375 0.036529541015625 -0.024444580078125 -0.4541015625 -0.036834716796875 0.9990234375 -0.0113525390625 -1.1259765625 0.024017333984375 0.01224517822265625 0.99951171875 31.9375
0.9990234375 0.03497314453125 -0.02032470703125 -0.307373046875 -0.03515625 0.99951171875 -0.00867462158203125 -1.03515625 0.0200042724609375 0.0093841552734375 0.99951171875 32.5
0.99951171875 0.032745361328125 -0.01480865478515625 -0.10614013671875 -0.032806396484375 0.99951171875 -0.0034656524658203125 -0.9111328125 0.01468658447265625 0.003948211669921875 1.0 33.03125
0.99951171875 0.0283203125 -0.00855255126953125 0.1605224609375 -0.0283203125 0.99951171875 -0.00016200542449951172 -0.81689453125 0.008544921875 0.00040411949157714844 1.0 33.59375
0.99951171875 0.0313720703125 0.00276947021484375 0.5166015625 -0.0313720703125 0.99951171875 -0.0006732940673828125 -0.8330078125 -0.0027904510498046875 0.0005860328674316406 1.0 34.15625
0.99951171875 0.033447265625 0.01690673828125 1.0556640625 -0.033416748046875 0.99951171875 -0.0016145706176757812 -0.8095703125 -0.0169525146484375 0.001049041748046875 1.0 34.5625
0.99853515625 0.038909912109375 0.03533935546875 1.693359375 -0.03887939453125 0.9990234375 -0.0010328292846679688 -0.80029296875 -0.035369873046875 -0.0003426074981689453 0.99951171875 35.03125
0.99755859375 0.03656005859375 0.057373046875 2.478515625 -0.036590576171875 0.99951171875 -0.00036406517028808594 -0.7685546875 -0.057342529296875 -0.001735687255859375 0.99853515625 35.5
0.99609375 0.03277587890625 0.08392333984375 3.4609375 -0.032989501953125 0.99951171875 0.0011234283447265625 -0.7158203125 -0.0838623046875 -0.003887176513671875 0.99658203125 35.875
0.9931640625 0.0318603515625 0.11309814453125 4.546875 -0.032379150390625 0.99951171875 0.002758026123046875 -0.6572265625 -0.1129150390625 -0.00640106201171875 0.99365234375 36.21875
0.98876953125 0.031585693359375 0.1455078125 5.77734375 -0.032562255859375 0.99951171875 0.004322052001953125 -0.6025390625 -0.1453857421875 -0.00901031494140625 0.9892578125 36.53125
0.982421875 0.03228759765625 0.182861328125 7.18359375 -0.033721923828125 0.99951171875 0.004840850830078125 -0.59375 -0.1826171875 -0.01092529296875 0.98291015625 36.71875
0.97412109375 0.03173828125 0.2242431640625 8.7734375 -0.03369140625 0.99951171875 0.004974365234375 -0.59033203125 -0.2239990234375 -0.01239776611328125 0.974609375 36.84375
0.962890625 0.031829833984375 0.2685546875 10.515625 -0.034393310546875 0.99951171875 0.004924774169921875 -0.60302734375 -0.26806640625 -0.01397705078125 0.96337890625 36.875
0.94775390625 0.03375244140625 0.317138671875 12.40625 -0.0364990234375 0.99951171875 0.0027446746826171875 -0.69384765625 -0.31689453125 -0.0141754150390625 0.9482421875 36.65625
0.9287109375 0.034912109375 0.36962890625 14.46875 -0.03741455078125 0.99951171875 -0.00032711029052734375 -0.81396484375 -0.369384765625 -0.01352691650390625 0.92919921875 36.28125
0.90478515625 0.0330810546875 0.42431640625 16.65625 -0.036376953125 0.99951171875 -0.0003705024719238281 -0.83935546875 -0.424072265625 -0.01509857177734375 0.9052734375 35.75
0.87646484375 0.03070068359375 0.480224609375 18.90625 -0.0355224609375 0.99951171875 0.00091552734375 -0.818359375 -0.47998046875 -0.017852783203125 0.876953125 35.0
0.84326171875 0.0291900634765625 0.53662109375 21.203125 -0.03375244140625 0.99951171875 -0.0013380050659179688 -0.89208984375 -0.5361328125 -0.0169830322265625 0.84375 34.09375
0.80712890625 0.024383544921875 0.58984375 23.453125 -0.03155517578125 0.99951171875 0.0018377304077148438 -0.80126953125 -0.58984375 -0.0200958251953125 0.8076171875 33.0
0.767578125 0.023345947265625 0.640625 25.59375 -0.03277587890625 0.99951171875 0.0028400421142578125 -0.78662109375 -0.64013671875 -0.023162841796875 0.76806640625 31.78125
0.724609375 0.021636962890625 0.68896484375 27.671875 -0.033782958984375 0.99951171875 0.00414276123046875 -0.740234375 -0.6884765625 -0.026275634765625 0.724609375 30.421875
0.67919921875 0.0221405029296875 0.73388671875 29.625 -0.037017822265625 0.99951171875 0.004093170166015625 -0.73828125 -0.73291015625 -0.029937744140625 0.67919921875 28.984375
0.63134765625 0.019927978515625 0.77490234375 31.453125 -0.037261962890625 0.99951171875 0.004673004150390625 -0.71435546875 -0.7744140625 -0.031829833984375 0.6318359375 27.40625
0.58203125 0.015869140625 0.81298828125 33.1875 -0.035980224609375 0.99951171875 0.00624847412109375 -0.66650390625 -0.8125 -0.03289794921875 0.58203125 25.75
0.53271484375 0.00858306884765625 0.84619140625 34.71875 -0.03167724609375 0.99951171875 0.0098114013671875 -0.5205078125 -0.845703125 -0.03204345703125 0.53271484375 24.125
0.484375 0.007480621337890625 0.875 36.0625 -0.02984619140625 0.99951171875 0.00797271728515625 -0.5966796875 -0.87451171875 -0.02996826171875 0.484375 22.46875
0.4345703125 0.01061248779296875 0.900390625 37.3125 -0.03082275390625 0.99951171875 0.003093719482421875 -0.80517578125 -0.89990234375 -0.0290985107421875 0.434814453125 20.796875
0.387451171875 0.0102691650390625 0.921875 38.40625 -0.0289764404296875 0.99951171875 0.00104522705078125 -0.89794921875 -0.92138671875 -0.0271148681640625 0.3876953125 19.203125
0.34423828125 0.00457000732421875 0.93896484375 39.34375 -0.0273284912109375 0.99951171875 0.005153656005859375 -0.73046875 -0.9384765625 -0.027435302734375 0.34423828125 17.703125
0.3046875 -0.00916290283203125 0.95263671875 40.125 -0.0255279541015625 0.99951171875 0.0177764892578125 -0.177734375 -0.9521484375 -0.02972412109375 0.30419921875 16.25
0.26806640625 -0.0102081298828125 0.96337890625 40.78125 -0.029052734375 0.99951171875 0.0186767578125 -0.139892578125 -0.962890625 -0.032989501953125 0.267578125 15.0703125
0.2340087890625 -0.00952911376953125 0.97216796875 41.3125 -0.02569580078125 0.99951171875 0.0159912109375 -0.270263671875 -0.9716796875 -0.0287322998046875 0.2337646484375 13.9921875
0.2017822265625 0.0016307830810546875 0.9794921875 41.75 -0.023681640625 0.99951171875 0.003215789794921875 -0.84521484375 -0.97900390625 -0.023834228515625 0.2017822265625 13.015625
0.1744384765625 0.0095672607421875 0.98486328125 42.15625 -0.0233001708984375 0.99951171875 -0.005584716796875 -1.26953125 -0.984375 -0.0219573974609375 0.174560546875 11.953125
0.148681640625 0.008087158203125 0.98876953125 42.46875 -0.021270751953125 1.0 -0.004974365234375 -1.2685546875 -0.98876953125 -0.020294189453125 0.1488037109375 11.1953125
0.1263427734375 0.0017614364624023438 0.9921875 42.8125 -0.018829345703125 1.0 0.0006222724914550781 -1.09375 -0.99169921875 -0.0187530517578125 0.1263427734375 10.4921875
0.105712890625 -0.00513458251953125 0.994140625 43.0625 -0.01019287109375 1.0 0.006244659423828125 -0.8642578125 -0.994140625 -0.01079559326171875 0.10565185546875 9.9921875
0.08843994140625 -0.005828857421875 0.99609375 43.40625 -0.004947662353515625 1.0 0.006290435791015625 -1.00390625 -0.99609375 -0.005481719970703125 0.08843994140625 9.4921875
0.0711669921875 -0.0027408599853515625 0.99755859375 43.59375 -0.0053863525390625 1.0 0.003131866455078125 -1.16796875 -0.99755859375 -0.005596160888671875 0.0711669921875 9.0703125
0.056365966796875 -0.0002503395080566406 0.99853515625 43.75 -0.00988006591796875 1.0 0.0008082389831542969 -1.2314453125 -0.99853515625 -0.00991058349609375 0.056365966796875 8.7734375
0.0418701171875 0.00203704833984375 0.9990234375 43.90625 -0.0133209228515625 1.0 -0.0014810562133789062 -1.3212890625 -0.9990234375 -0.01325225830078125 0.0418701171875 8.640625
0.0290679931640625 0.0013456344604492188 0.99951171875 44.0625 -0.01551055908203125 1.0 -0.0008955001831054688 -1.283203125 -0.99951171875 -0.01548004150390625 0.029083251953125 8.4296875
0.01806640625 -0.0035305023193359375 1.0 44.1875 -0.01580810546875 1.0 0.0038166046142578125 -1.078125 -0.99951171875 -0.015869140625 0.01800537109375 8.390625
0.008697509765625 -0.006969451904296875 1.0 44.34375 -0.01517486572265625 1.0 0.007099151611328125 -0.94287109375 -1.0 -0.01523590087890625 0.0085906982421875 8.3828125
0.0012731552124023438 -0.0081939697265625 1.0 44.4375 -0.01453399658203125 1.0 0.008209228515625 -0.89501953125 -1.0 -0.0145416259765625 0.0011539459228515625 8.4765625
-0.0035915374755859375 -0.010101318359375 1.0 44.53125 -0.01375579833984375 1.0 0.01004791259765625 -0.80859375 -1.0 -0.0137176513671875 -0.0037288665771484375 8.7421875
-0.00861358642578125 -0.01236724853515625 1.0 44.59375 -0.01143646240234375 1.0 0.01226806640625 -0.67529296875 -1.0 -0.01132965087890625 -0.008758544921875 9.0625
-0.0124969482421875 -0.0106964111328125 1.0 44.78125 -0.00992584228515625 1.0 0.0105743408203125 -0.7099609375 -1.0 -0.009796142578125 -0.012603759765625 9.390625
-0.0163726806640625 -0.0135650634765625 1.0 44.84375 -0.009124755859375 1.0 0.0134124755859375 -0.5634765625 -1.0 -0.00890350341796875 -0.0164947509765625 9.7890625
-0.01904296875 -0.01427459716796875 0.99951171875 44.90625 -0.0092010498046875 1.0 0.01409912109375 -0.5498046875 -1.0 -0.00893402099609375 -0.0191802978515625 10.2734375
-0.02166748046875 -0.01409912109375 0.99951171875 44.9375 -0.00957489013671875 1.0 0.01389312744140625 -0.56640625 -0.99951171875 -0.00926971435546875 -0.02178955078125 10.75
-0.0236053466796875 -0.0157928466796875 0.99951171875 45.0 -0.010040283203125 1.0 0.01555633544921875 -0.487060546875 -0.99951171875 -0.00966644287109375 -0.0237579345703125 11.25
-0.023590087890625 -0.019134521484375 0.99951171875 45.03125 -0.010223388671875 1.0 0.018890380859375 -0.343017578125 -0.99951171875 -0.00977325439453125 -0.0237884521484375 11.90625
-0.0221405029296875 -0.0201873779296875 0.99951171875 45.09375 -0.01070404052734375 0.99951171875 0.01995849609375 -0.312255859375 -0.99951171875 -0.01025390625 -0.0223388671875 12.5390625
-0.0189208984375 -0.0205230712890625 0.99951171875 45.09375 -0.0108489990234375 0.99951171875 0.02032470703125 -0.29736328125 -1.0 -0.01045989990234375 -0.019134521484375 13.265625
-0.01490020751953125 -0.0219268798828125 0.99951171875 45.0625 -0.01064300537109375 0.99951171875 0.021759033203125 -0.23779296875 -1.0 -0.01031494140625 -0.01512908935546875 14.140625
-0.01000213623046875 -0.0214691162109375 0.99951171875 45.03125 -0.0114593505859375 0.99951171875 0.0213470458984375 -0.26953125 -1.0 -0.0112457275390625 -0.01024627685546875 15.0390625
-0.005908966064453125 -0.022369384765625 0.99951171875 44.96875 -0.01288604736328125 0.99951171875 0.0222930908203125 -0.2080078125 -1.0 -0.01274871826171875 -0.006195068359375 15.9609375
-0.0015974044799804688 -0.019622802734375 1.0 44.90625 -0.01477813720703125 0.99951171875 0.01959228515625 -0.32763671875 -1.0 -0.01474761962890625 -0.0018873214721679688 16.875
0.0031337738037109375 -0.0191192626953125 1.0 44.84375 -0.0160369873046875 0.99951171875 0.0191650390625 -0.287841796875 -1.0 -0.0160980224609375 0.002826690673828125 17.84375
0.00740814208984375 -0.0179290771484375 1.0 44.78125 -0.016632080078125 0.99951171875 0.0180511474609375 -0.321533203125 -1.0 -0.016754150390625 0.007106781005859375 18.796875
0.01059722900390625 -0.011932373046875 1.0 44.6875 -0.0164031982421875 1.0 0.0121002197265625 -0.63232421875 -1.0 -0.0165252685546875 0.01039886474609375 19.765625
0.01540374755859375 -0.0101318359375 1.0 44.65625 -0.01207733154296875 1.0 0.01031494140625 -0.78271484375 -1.0 -0.012237548828125 0.01528167724609375 20.671875
0.01611328125 -0.00589752197265625 1.0 44.5625 -0.006244659423828125 1.0 0.006000518798828125 -1.076171875 -1.0 -0.00634002685546875 0.0160675048828125 21.5625
0.0177154541015625 -0.0012655258178710938 1.0 44.625 -0.002811431884765625 1.0 0.001316070556640625 -1.33984375 -1.0 -0.002834320068359375 0.0177154541015625 22.265625
0.0178985595703125 0.0020599365234375 1.0 44.625 -0.0033740997314453125 1.0 -0.0019989013671875 -1.4853515625 -1.0 -0.003337860107421875 0.0178985595703125 23.078125
0.0179595947265625 0.0043487548828125 1.0 44.59375 -0.0050201416015625 1.0 -0.0042572021484375 -1.55078125 -1.0 -0.004940032958984375 0.0179901123046875 23.890625
0.018463134765625 0.00795745849609375 1.0 44.625 -0.007534027099609375 1.0 -0.00782012939453125 -1.7109375 -1.0 -0.007389068603515625 0.018524169921875 24.6875
0.018829345703125 0.011749267578125 0.99951171875 44.59375 -0.00856781005859375 1.0 -0.0115966796875 -1.8720703125 -1.0 -0.0083465576171875 0.0189361572265625 25.515625
0.019195556640625 0.0133514404296875 0.99951171875 44.59375 -0.00815582275390625 1.0 -0.0131988525390625 -1.95703125 -1.0 -0.007904052734375 0.0193023681640625 26.328125
0.0204010009765625 0.01666259765625 0.99951171875 44.59375 -0.00804901123046875 1.0 -0.0164947509765625 -2.123046875 -1.0 -0.007709503173828125 0.020538330078125 27.15625
0.018463134765625 0.02252197265625 0.99951171875 44.59375 -0.007427215576171875 0.99951171875 -0.0223846435546875 -2.421875 -1.0 -0.00701141357421875 0.0186309814453125 27.890625
0.015899658203125 0.027008056640625 0.99951171875 44.65625 -0.008026123046875 0.99951171875 -0.026885986328125 -2.626953125 -1.0 -0.00759124755859375 0.01611328125 28.609375
0.01187896728515625 0.0284271240234375 0.99951171875 44.75 -0.008331298828125 0.99951171875 -0.0283203125 -2.65234375 -1.0 -0.00799560546875 0.012115478515625 29.234375
0.006938934326171875 0.031646728515625 0.99951171875 44.90625 -0.011016845703125 0.99951171875 -0.03155517578125 -2.734375 -1.0 -0.01079559326171875 0.00728607177734375 29.84375
0.001216888427734375 0.0340576171875 0.99951171875 45.0625 -0.0130767822265625 0.99951171875 -0.034027099609375 -2.796875 -1.0 -0.013031005859375 0.0016613006591796875 30.328125
-0.003566741943359375 0.02789306640625 0.99951171875 45.3125 -0.0111541748046875 0.99951171875 -0.027923583984375 -2.53515625 -1.0 -0.0112457275390625 -0.003253936767578125 30.625
-0.01218414306640625 0.030914306640625 0.99951171875 45.59375 -0.01041412353515625 0.99951171875 -0.031036376953125 -2.71484375 -1.0 -0.0107879638671875 -0.0118560791015625 30.96875
-0.02227783203125 0.035369873046875 0.9990234375 45.90625 -0.0103607177734375 0.99951171875 -0.035614013671875 -2.955078125 -0.99951171875 -0.01114654541015625 -0.0218963623046875 31.265625
-0.032135009765625 0.0345458984375 0.9990234375 46.21875 -0.011199951171875 0.99951171875 -0.034912109375 -2.90625 -0.99951171875 -0.01230621337890625 -0.031707763671875 31.59375
-0.04364013671875 0.037933349609375 0.99853515625 46.5625 -0.011932373046875 0.9990234375 -0.038482666015625 -3.044921875 -0.9990234375 -0.0135955810546875 -0.04315185546875 31.859375
-0.054595947265625 0.037384033203125 0.998046875 46.9375 -0.0125579833984375 0.9990234375 -0.03814697265625 -3.015625 -0.99853515625 -0.014617919921875 -0.0540771484375 32.125
-0.0648193359375 0.0379638671875 0.9970703125 47.28125 -0.0121307373046875 0.9990234375 -0.038818359375 -3.07421875 -0.998046875 -0.014617919921875 -0.0643310546875 32.4375
-0.07537841796875 0.034820556640625 0.99658203125 47.625 -0.01081085205078125 0.99951171875 -0.035736083984375 -2.984375 -0.9970703125 -0.01346588134765625 -0.074951171875 32.65625
-0.08648681640625 0.03607177734375 0.99560546875 47.96875 -0.0094757080078125 0.99951171875 -0.03704833984375 -3.119140625 -0.99609375 -0.01263427734375 -0.0860595703125 32.96875
-0.09490966796875 0.033935546875 0.9951171875 48.34375 -0.00824737548828125 0.99951171875 -0.03485107421875 -3.0625 -0.99560546875 -0.01151275634765625 -0.09454345703125 33.0625
-0.104248046875 0.032440185546875 0.994140625 48.65625 -0.007049560546875 0.99951171875 -0.033355712890625 -3.041015625 -0.99462890625 -0.0104827880859375 -0.10400390625 33.375
-0.11175537109375 0.0290374755859375 0.9931640625 48.96875 -0.006900787353515625 0.99951171875 -0.029998779296875 -2.908203125 -0.99365234375 -0.0102081298828125 -0.11151123046875 33.375
-0.12139892578125 0.0307769775390625 0.9921875 49.3125 -0.00629425048828125 0.99951171875 -0.031768798828125 -3.015625 -0.99267578125 -0.010101318359375 -0.12115478515625 33.625
-0.129638671875 0.028045654296875 0.9912109375 49.59375 -0.00637054443359375 0.99951171875 -0.02911376953125 -2.87890625 -0.99169921875 -0.01009368896484375 -0.12939453125 33.96875
-0.1368408203125 0.026123046875 0.990234375 49.875 -0.0076446533203125 0.99951171875 -0.0274200439453125 -2.751953125 -0.99072265625 -0.011322021484375 -0.1365966796875 34.34375
-0.1417236328125 0.02252197265625 0.98974609375 50.0625 -0.009552001953125 0.99951171875 -0.0241241455078125 -2.53125 -0.98974609375 -0.0128631591796875 -0.141357421875 34.8125
-0.14453125 0.0201568603515625 0.9892578125 50.1875 -0.0125274658203125 0.99951171875 -0.022186279296875 -2.35546875 -0.9892578125 -0.01560211181640625 -0.144287109375 35.40625
-0.1461181640625 0.01617431640625 0.9892578125 50.28125 -0.01348876953125 0.99951171875 -0.018341064453125 -2.123046875 -0.9892578125 -0.016021728515625 -0.1458740234375 36.03125
-0.1478271484375 0.01531219482421875 0.98876953125 50.34375 -0.01439666748046875 0.99951171875 -0.0176239013671875 -2.064453125 -0.98876953125 -0.016845703125 -0.1475830078125 36.625
-0.1495361328125 0.01568603515625 0.98876953125 50.375 -0.013946533203125 0.99951171875 -0.017974853515625 -2.12109375 -0.98876953125 -0.0164794921875 -0.149169921875 37.28125
-0.1474609375 0.0132293701171875 0.98876953125 50.34375 -0.01263427734375 1.0 -0.0152587890625 -2.044921875 -0.98876953125 -0.01474761962890625 -0.147216796875 38.03125
-0.144287109375 0.013427734375 0.9892578125 50.21875 -0.0117034912109375 1.0 -0.01528167724609375 -2.119140625 -0.9892578125 -0.01378631591796875 -0.1441650390625 38.8125
-0.13818359375 0.0137481689453125 0.990234375 50.0 -0.010589599609375 1.0 -0.01535797119140625 -2.1640625 -0.990234375 -0.012603759765625 -0.1380615234375 39.6875
-0.129638671875 0.01165771484375 0.99169921875 49.65625 -0.00939178466796875 1.0 -0.0129852294921875 -2.109375 -0.99169921875 -0.0110015869140625 -0.1295166015625 40.75
-0.11846923828125 0.01116943359375 0.99267578125 49.1875 -0.00807952880859375 1.0 -0.01220703125 -2.123046875 -0.9931640625 -0.0094757080078125 -0.118408203125 41.84375
-0.103271484375 0.00843048095703125 0.99462890625 48.5625 -0.007476806640625 1.0 -0.00925445556640625 -2.037109375 -0.99462890625 -0.008392333984375 -0.10321044921875 43.0625
-0.08544921875 0.00824737548828125 0.99609375 47.78125 -0.005725860595703125 1.0 -0.00876617431640625 -2.1015625 -0.99609375 -0.0064544677734375 -0.08538818359375 44.4375
-0.064453125 0.01158905029296875 0.998046875 46.8125 -0.0028972625732421875 1.0 -0.01180267333984375 -2.380859375 -0.998046875 -0.0036525726318359375 -0.06439208984375 45.9375
-0.04058837890625 0.01314544677734375 0.9990234375 45.625 -1.800060272216797e-05 1.0 -0.013153076171875 -2.59375 -0.9990234375 -0.0005521774291992188 -0.04058837890625 47.5625
-0.0126495361328125 0.01479339599609375 1.0 44.25 0.001949310302734375 1.0 -0.0147705078125 -2.759765625 -1.0 0.0017614364624023438 -0.0126800537109375 49.34375
0.0217437744140625 0.015899658203125 0.99951171875 42.5 0.0019216537475585938 1.0 -0.0159454345703125 -2.814453125 -1.0 0.0022678375244140625 0.0217132568359375 51.3125
0.06097412109375 0.01523590087890625 0.998046875 40.4375 7.700920104980469e-05 1.0 -0.01526641845703125 -2.693359375 -0.998046875 0.0010080337524414062 0.06097412109375 53.46875
0.1051025390625 0.011077880859375 0.99462890625 38.03125 0.0005941390991210938 1.0 -0.011199951171875 -2.46875 -0.99462890625 0.0017681121826171875 0.1051025390625 55.6875
0.151123046875 0.01396942138671875 0.98828125 35.34375 -0.004703521728515625 1.0 -0.0134124755859375 -2.302734375 -0.98828125 -0.00262451171875 0.151123046875 57.8125
0.1990966796875 0.0189056396484375 0.97998046875 32.40625 -0.0093841552734375 1.0 -0.0173797607421875 -2.23828125 -0.97998046875 -0.0057373046875 0.19921875 59.96875
0.251953125 0.0241851806640625 0.96728515625 29.046875 -0.01462554931640625 0.99951171875 -0.02117919921875 -2.16015625 -0.9677734375 -0.00881195068359375 0.252197265625 62.25
0.3203125 0.00211334228515625 0.947265625 24.671875 0.01357269287109375 1.0 -0.0068206787109375 -2.73828125 -0.947265625 0.015045166015625 0.3203125 63.625
0.381103515625 -0.001613616943359375 0.9248046875 20.484375 0.018280029296875 1.0 -0.00579071044921875 -2.9140625 -0.92431640625 0.0191192626953125 0.380859375 65.625
0.470458984375 0.007549285888671875 0.88232421875 14.0625 0.00299072265625 1.0 -0.0101470947265625 -2.5625 -0.88232421875 0.007411956787109375 0.470458984375 66.6875
0.53173828125 -0.0023860931396484375 0.84716796875 9.375 0.0220489501953125 0.99951171875 -0.01102447509765625 -3.46484375 -0.8466796875 0.0245361328125 0.53173828125 68.0625
0.611328125 -0.00441741943359375 0.79150390625 2.62890625 0.03228759765625 0.99951171875 -0.0193634033203125 -4.30859375 -0.791015625 0.037384033203125 0.61083984375 68.0
0.6669921875 -0.006603240966796875 0.74462890625 -2.361328125 0.0379638671875 0.9990234375 -0.025146484375 -4.796875 -0.744140625 0.0450439453125 0.66650390625 68.4375
0.716796875 -0.00791168212890625 0.697265625 -7.171875 0.03900146484375 0.9990234375 -0.0287933349609375 -5.01171875 -0.69580078125 0.047821044921875 0.71630859375 68.5625
0.763671875 -0.01355743408203125 0.6455078125 -11.9375 0.04010009765625 0.9990234375 -0.026458740234375 -4.984375 -0.64453125 0.04608154296875 0.76318359375 68.25
0.8056640625 -0.0194854736328125 0.591796875 -16.625 0.038238525390625 0.9990234375 -0.0191802978515625 -4.58203125 -0.5908203125 0.0380859375 0.8056640625 67.75
0.84423828125 -0.02294921875 0.53564453125 -21.25 0.03570556640625 0.99951171875 -0.01342010498046875 -4.1875 -0.53515625 0.03045654296875 0.84423828125 67.0
0.876953125 -0.0253753662109375 0.4794921875 -25.59375 0.03271484375 0.99951171875 -0.006923675537109375 -3.763671875 -0.479248046875 0.021759033203125 0.87744140625 65.6875
0.9052734375 -0.0274810791015625 0.424560546875 -29.65625 0.0303955078125 0.99951171875 -9.78708267211914e-05 -3.349609375 -0.42431640625 0.0129852294921875 0.9052734375 64.4375
0.927734375 -0.0269012451171875 0.371826171875 -33.34375 0.02728271484375 0.99951171875 0.004215240478515625 -2.99609375 -0.371826171875 0.0062408447265625 0.92822265625 63.09375
0.94580078125 -0.0258636474609375 0.32421875 -36.53125 0.025177001953125 0.99951171875 0.006320953369140625 -2.7734375 -0.32421875 0.002185821533203125 0.94580078125 61.71875
0.95849609375 -0.018768310546875 0.2841796875 -39.21875 0.0178070068359375 1.0 0.00595855712890625 -2.3984375 -0.2841796875 -0.000652313232421875 0.958984375 60.625
0.96826171875 -0.0158538818359375 0.24853515625 -41.5 0.0155792236328125 1.0 0.0030918121337890625 -2.40625 -0.24853515625 0.0008769035339355469 0.96875 59.59375
0.97607421875 -0.01392364501953125 0.2174072265625 -43.4375 0.0138702392578125 1.0 0.001781463623046875 -2.375 -0.2174072265625 0.0012750625610351562 0.97607421875 58.71875
0.98046875 -0.0194091796875 0.1956787109375 -44.75 0.0194091796875 1.0 0.00191497802734375 -2.66015625 -0.1956787109375 0.0019197463989257812 0.98046875 58.25
0.9833984375 -0.0192413330078125 0.180419921875 -45.6875 0.019134521484375 1.0 0.002307891845703125 -2.65625 -0.180419921875 0.00118255615234375 0.9833984375 58.03125
0.98583984375 -0.0159149169921875 0.1669921875 -46.46875 0.0159912109375 1.0 0.0008444786071777344 -2.548828125 -0.1669921875 0.00183868408203125 0.98583984375 57.875
0.9873046875 -0.0093841552734375 0.1575927734375 -47.0625 0.0095062255859375 1.0 -9.417533874511719e-06 -2.236328125 -0.1575927734375 0.0015077590942382812 0.9873046875 57.96875
0.98828125 0.002960205078125 0.151611328125 -47.46875 -0.00250244140625 1.0 -0.003208160400390625 -1.734375 -0.151611328125 0.0027923583984375 0.98828125 58.21875
0.98876953125 0.007709503173828125 0.147705078125 -47.625 -0.0066070556640625 1.0 -0.007965087890625 -1.7275390625 -0.1478271484375 0.00689697265625 0.98876953125 58.375
0.9892578125 0.00919342041015625 0.1468505859375 -47.6875 -0.0076904296875 1.0 -0.0108184814453125 -1.8232421875 -0.14697265625 0.0095672607421875 0.9892578125 58.875
0.98876953125 0.0076904296875 0.1494140625 -47.53125 -0.005626678466796875 1.0 -0.01422882080078125 -2.119140625 -0.1495361328125 0.0132293701171875 0.98876953125 59.53125
0.98828125 0.00392913818359375 0.15380859375 -47.25 -0.0008015632629394531 1.0 -0.0204010009765625 -2.69921875 -0.15380859375 0.0200347900390625 0.98779296875 60.3125
0.9873046875 0.0050048828125 0.1585693359375 -46.96875 -0.0010280609130859375 0.99951171875 -0.0251617431640625 -2.9453125 -0.1585693359375 0.024688720703125 0.98681640625 61.125
0.98681640625 0.01122283935546875 0.1622314453125 -46.71875 -0.007129669189453125 0.99951171875 -0.025787353515625 -2.64453125 -0.1624755859375 0.0242767333984375 0.986328125 61.90625
0.98583984375 0.01424407958984375 0.1683349609375 -46.40625 -0.010650634765625 0.99951171875 -0.022247314453125 -2.26171875 -0.1685791015625 0.0201416015625 0.9853515625 62.875
0.98486328125 0.01226806640625 0.1729736328125 -46.09375 -0.00934600830078125 1.0 -0.0177154541015625 -2.083984375 -0.173095703125 0.0158233642578125 0.98486328125 63.75
0.984375 0.01035308837890625 0.1763916015625 -45.84375 -0.0084228515625 1.0 -0.0116729736328125 -1.810546875 -0.176513671875 0.01000213623046875 0.984375 64.5
0.98388671875 0.009307861328125 0.1796875 -45.625 -0.0081939697265625 1.0 -0.00693511962890625 -1.56640625 -0.1796875 0.00534820556640625 0.98388671875 65.3125
0.98291015625 0.00443267822265625 0.1827392578125 -45.40625 -0.0035037994384765625 1.0 -0.005413055419921875 -1.75390625 -0.1827392578125 0.004680633544921875 0.98291015625 66.0625
0.9833984375 0.00023734569549560547 0.1824951171875 -45.375 0.0012292861938476562 1.0 -0.00792694091796875 -2.1640625 -0.1824951171875 0.00801849365234375 0.9833984375 66.625
0.9833984375 -0.0012826919555664062 0.1824951171875 -45.375 0.004032135009765625 1.0 -0.0146942138671875 -2.72265625 -0.1824951171875 0.0151824951171875 0.98291015625 67.3125
0.9833984375 0.0005297660827636719 0.1817626953125 -45.4375 0.0033550262451171875 1.0 -0.02105712890625 -3.076171875 -0.1817626953125 0.0213165283203125 0.98291015625 67.875
0.98388671875 0.00246429443359375 0.1788330078125 -45.625 0.002178192138671875 0.99951171875 -0.0257568359375 -3.2578125 -0.1788330078125 0.0257415771484375 0.9833984375 68.375
0.984375 0.001220703125 0.1761474609375 -45.78125 0.0027217864990234375 0.99951171875 -0.0221405029296875 -3.05078125 -0.1761474609375 0.02227783203125 0.98388671875 69.0625
0.98486328125 -0.0008893013000488281 0.1741943359375 -45.90625 0.003520965576171875 1.0 -0.014801025390625 -2.650390625 -0.1741943359375 0.01519012451171875 0.984375 69.6875
0.9853515625 0.0018205642700195312 0.1708984375 -46.125 -0.00017547607421875 1.0 -0.0096435546875 -2.130859375 -0.1708984375 0.00946807861328125 0.9853515625 70.1875
0.9853515625 0.006687164306640625 0.1697998046875 -46.25 -0.004886627197265625 1.0 -0.0110321044921875 -1.9638671875 -0.1697998046875 0.010040283203125 0.9853515625 70.9375
0.98583984375 0.0127410888671875 0.167236328125 -46.4375 -0.0101470947265625 1.0 -0.016387939453125 -2.013671875 -0.1673583984375 0.01446533203125 0.98583984375 71.5625
0.986328125 0.01160430908203125 0.1632080078125 -46.71875 -0.0081634521484375 0.99951171875 -0.0217132568359375 -2.46875 -0.1634521484375 0.0200958251953125 0.986328125 72.0625
0.9873046875 0.009857177734375 0.1588134765625 -47.03125 -0.006069183349609375 0.99951171875 -0.024322509765625 -2.765625 -0.1590576171875 0.023040771484375 0.98681640625 72.5625
0.98828125 0.00665283203125 0.15380859375 -47.34375 -0.003131866455078125 0.99951171875 -0.02313232421875 -2.845703125 -0.1539306640625 0.022369384765625 0.98779296875 73.0625
0.98876953125 0.0018520355224609375 0.1500244140625 -47.59375 0.0012235641479492188 1.0 -0.0204010009765625 -2.95703125 -0.1500244140625 0.020355224609375 0.98828125 73.75
0.98876953125 -0.001110076904296875 0.1485595703125 -47.71875 0.0038166046142578125 1.0 -0.0179443359375 -2.94140625 -0.1484375 0.018310546875 0.98876953125 74.5
0.9892578125 -0.0035533905029296875 0.1475830078125 -47.8125 0.0058441162109375 1.0 -0.015106201171875 -2.884765625 -0.1474609375 0.01580810546875 0.98876953125 75.3125
0.9892578125 -0.007808685302734375 0.14697265625 -47.84375 0.00982666015625 1.0 -0.01299285888671875 -3.0 -0.1468505859375 0.0142974853515625 0.9892578125 76.0625
0.9892578125 -0.006744384765625 0.146484375 -47.875 0.008575439453125 1.0 -0.01187896728515625 -2.8515625 -0.1463623046875 0.01300811767578125 0.9892578125 76.875
0.9892578125 -0.0008096694946289062 0.14599609375 -47.875 0.0029449462890625 1.0 -0.01441192626953125 -2.728515625 -0.14599609375 0.01468658447265625 0.9892578125 77.75
0.9892578125 0.004596710205078125 0.1463623046875 -47.875 -0.001873016357421875 1.0 -0.0187530517578125 -2.751953125 -0.1463623046875 0.0182647705078125 0.9892578125 78.625
0.9892578125 0.01270294189453125 0.1470947265625 -47.84375 -0.00971221923828125 0.99951171875 -0.0210418701171875 -2.482421875 -0.1473388671875 0.019378662109375 0.98876953125 79.4375
0.98876953125 0.0193023681640625 0.147216796875 -47.6875 -0.016448974609375 0.99951171875 -0.0206298828125 -2.123046875 -0.1475830078125 0.0179901123046875 0.98876953125 80.5
0.98828125 0.0235595703125 0.14990234375 -47.46875 -0.02099609375 0.99951171875 -0.0186614990234375 -1.7431640625 -0.1502685546875 0.0153045654296875 0.98876953125 81.4375
0.98828125 0.0244598388671875 0.1522216796875 -47.28125 -0.0217742919921875 0.99951171875 -0.0193634033203125 -1.76953125 -0.152587890625 0.01580810546875 0.98828125 82.375
0.98779296875 0.0213775634765625 0.1544189453125 -47.09375 -0.0181884765625 0.99951171875 -0.02203369140625 -2.1796875 -0.15478515625 0.018951416015625 0.98779296875 83.3125
0.98779296875 0.01229095458984375 0.1539306640625 -47.0 -0.0095367431640625 1.0 -0.01861572265625 -2.521484375 -0.154052734375 0.0169219970703125 0.98779296875 84.375
0.98828125 0.0079498291015625 0.153564453125 -46.96875 -0.00505828857421875 1.0 -0.01922607421875 -2.85546875 -0.1536865234375 0.018218994140625 0.98779296875 85.25
0.98828125 0.007122039794921875 0.1529541015625 -46.90625 -0.004253387451171875 1.0 -0.019073486328125 -2.92578125 -0.153076171875 0.0181884765625 0.98828125 86.1875
0.98779296875 0.0100250244140625 0.1541748046875 -46.78125 -0.007537841796875 1.0 -0.0167236328125 -2.556640625 -0.154296875 0.01535797119140625 0.98779296875 87.125
0.98779296875 0.01361846923828125 0.1536865234375 -46.78125 -0.0118865966796875 1.0 -0.01218414306640625 -1.939453125 -0.1539306640625 0.01021575927734375 0.98828125 88.0
0.98828125 0.01412200927734375 0.1519775390625 -46.8125 -0.01334381103515625 1.0 -0.006160736083984375 -1.5322265625 -0.152099609375 0.004058837890625 0.98828125 88.9375
0.98828125 0.01163482666015625 0.15283203125 -46.71875 -0.0098419189453125 1.0 -0.01247406005859375 -2.267578125 -0.1529541015625 0.01082611083984375 0.98828125 89.8125
0.98828125 0.004695892333984375 0.1522216796875 -46.71875 -0.0007929801940917969 0.99951171875 -0.02569580078125 -3.908203125 -0.1522216796875 0.0252685546875 0.98779296875 90.5625
0.98828125 0.0004940032958984375 0.1514892578125 -46.75 0.00475311279296875 0.99951171875 -0.034271240234375 -4.94921875 -0.1513671875 0.03460693359375 0.98779296875 91.3125
0.98828125 -0.0005412101745605469 0.1512451171875 -46.8125 0.004581451416015625 0.99951171875 -0.0263671875 -4.24609375 -0.151123046875 0.026763916015625 0.98828125 92.25
0.98876953125 -0.0027828216552734375 0.1500244140625 -46.9375 0.003704071044921875 1.0 -0.005855560302734375 -2.46875 -0.1500244140625 0.006343841552734375 0.98876953125 93.125
0.98876953125 -0.0017919540405273438 0.1484375 -47.0625 0.00042819976806640625 1.0 0.00921630859375 -1.01953125 -0.1484375 -0.00905609130859375 0.98876953125 93.9375
0.98876953125 0.0018777847290039062 0.1485595703125 -47.09375 -0.0023822784423828125 1.0 0.003215789794921875 -1.4140625 -0.1485595703125 -0.0035343170166015625 0.98876953125 94.75
0.9892578125 0.0075836181640625 0.1468505859375 -47.28125 -0.005733489990234375 1.0 -0.01302337646484375 -2.6484375 -0.1468505859375 0.0120391845703125 0.9892578125 95.4375
0.9892578125 0.003353118896484375 0.1455078125 -47.375 -0.0005893707275390625 1.0 -0.0190277099609375 -3.57421875 -0.1456298828125 0.01873779296875 0.9892578125 96.25
0.98974609375 -0.0009288787841796875 0.1435546875 -47.5625 0.00372314453125 1.0 -0.019195556640625 -3.86328125 -0.1435546875 0.01953125 0.9892578125 97.0
0.990234375 -0.004299163818359375 0.14013671875 -47.90625 0.006526947021484375 1.0 -0.01543426513671875 -3.814453125 -0.1400146484375 0.0161895751953125 0.990234375 97.6875
0.99072265625 -0.0043182373046875 0.135986328125 -48.3125 0.006671905517578125 1.0 -0.0168609619140625 -3.9609375 -0.1358642578125 0.017608642578125 0.99072265625 98.3125
0.9912109375 -0.00363922119140625 0.1307373046875 -48.84375 0.006145477294921875 1.0 -0.0187835693359375 -4.11328125 -0.130615234375 0.0194244384765625 0.9912109375 98.8125
0.9921875 -0.002105712890625 0.12646484375 -49.25 0.004421234130859375 1.0 -0.0180511474609375 -4.03125 -0.1263427734375 0.018463134765625 0.99169921875 99.4375
